2 0.311441 0.917612 0.156780 0.114472
2 0.692090 0.923971 0.141243 0.101753
2 0.331215 0.442764 0.086158 0.080555
2 0.225282 0.308153 0.088983 0.061476
2 0.335452 0.184142 0.094633 0.084794
2 0.229520 0.050591 0.097458 0.067835
2 0.865113 0.339951 0.086158 0.082674
2 0.860169 0.084508 0.096045 0.067835
2 0.752119 0.092988 0.072034 0.042397
2 0.647599 0.212760 0.069209 0.040277
2 0.648305 0.468202 0.070621 0.042397
2 0.113701 0.169303 0.091808 0.067835
2 0.101695 0.939870 0.112994 0.057236
2 0.437147 0.315573 0.097458 0.055116
2 0.550847 0.200040 0.084746 0.074195
2 0.448446 0.067549 0.086158 0.076315
2 0.653249 0.079209 0.094633 0.057236
2 0.761299 0.212760 0.101695 0.061476